6.268360302783548832e-04
5.900753894820809364e-04
1.176443765871226788e-03
3.066862118430435658e-04
8.283199276775121689e-04
5.260510370135307312e-04
1.555287279188632965e-03
8.949823095463216305e-04
1.696198480203747749e-03
1.494186115451157093e-03
1.292178872972726822e-03
2.153589448425918818e-04
6.693461909890174866e-04
8.883031550794839859e-04
7.107216515578329563e-04
2.128984488081187010e-04
3.014292102307081223e-03
2.215941902250051498e-03
6.422208389267325401e-04
1.681023975834250450e-03
1.340520335361361504e-03
2.841463545337319374e-03
1.823921193135902286e-04
6.644193781539797783e-04
1.234414987266063690e-03
2.679967554286122322e-03
9.620858472771942616e-04
1.096097053959965706e-03
2.419914351776242256e-03
1.756570301949977875e-03
4.296410828828811646e-03
9.402491850778460503e-04
4.050238931085914373e-04
7.534453179687261581e-04
3.184007073286920786e-04
8.218129514716565609e-04
4.709016531705856323e-03
1.744848414091393352e-04
9.478889405727386475e-04
5.051202606409788132e-04
6.091286777518689632e-04
1.545015838928520679e-04
4.529702127911150455e-04
1.289464184083044529e-03
1.295996364206075668e-03
2.403776743449270725e-04
2.231759863207116723e-04
2.914635697379708290e-04
6.635038880631327629e-04
7.329829968512058258e-04
3.271584500907920301e-05
4.735175025416538119e-05
2.831050369422882795e-05
4.028108960483223200e-04
8.382424130104482174e-04
2.063555410131812096e-03
3.284810372861102223e-05
7.293368689715862274e-04
5.055561632616445422e-05
5.141006113262847066e-05
8.063777931965887547e-05
4.426841769600287080e-05
4.338250728324055672e-04
9.280231897719204426e-04
2.461888943798840046e-04
1.076470798579975963e-04
2.235047431895509362e-04
6.500303425127640367e-05
3.589330663089640439e-05
3.556044830475002527e-04
5.237903096713125706e-04
6.259898655116558075e-04
3.730153839569538832e-04
1.107461139326915145e-04
4.031402568216435611e-05
1.801913895178586245e-04
3.377839675522409379e-05
8.027431613299995661e-05
7.143431575968861580e-04
1.409259857609868050e-04
7.809243834344670177e-05
4.003495268989354372e-05
7.099339854903519154e-04
1.314691326115280390e-04
2.075656266242731363e-05
3.630713617894798517e-04
3.551003828761167824e-05
1.467160327592864633e-04
1.668733893893659115e-04
5.262484773993492126e-05
7.348012877628207207e-05
2.451124018989503384e-04
8.965253073256462812e-05
4.374740819912403822e-04
9.397151297889649868e-04
4.041491774842143059e-04
1.014898298308253288e-04
1.470536954002454877e-04
2.421700046397745609e-04
7.672714127693325281e-05
3.025060323125217110e-05
1.704309397609904408e-04
1.965945411939173937e-04
2.359930076636373997e-04
3.668582940008491278e-04
1.875636517070233822e-04
1.149947711382992566e-04
4.496577312238514423e-04
5.096951499581336975e-04
2.766835095826536417e-04
3.407190670259296894e-04
2.591377997305244207e-04
3.552612033672630787e-04
2.551286306697875261e-04
1.270100823603570461e-03
4.510171129368245602e-05
9.212381701217964292e-05
2.171971136704087257e-04
7.342765456996858120e-05
6.245667464099824429e-05
3.172822180204093456e-04
1.083009992726147175e-03
3.609789710026234388e-04
7.508772978326305747e-05
1.708939962554723024e-04
4.156515933573246002e-04
5.314272493706084788e-05
2.672914124559611082e-04
2.312364376848563552e-04
5.729103213525377214e-05
9.035327093442901969e-05
5.132631486048921943e-05
1.935997861437499523e-04
1.698452106211334467e-04
1.106002528103999794e-04
5.077564856037497520e-04
9.897237760014832020e-05
6.828074401710182428e-05
2.324328816030174494e-04
5.596525152213871479e-04
8.169416105374693871e-05
7.846865628380328417e-05
2.571603981778025627e-04
5.579335993388667703e-05
9.952992695616558194e-05
1.096959240385331213e-04
2.467950107529759407e-04
7.081544754328206182e-05
6.827442848589271307e-05
8.483311976306140423e-04
1.559400552650913596e-04
1.524916588095948100e-04
2.537212276365607977e-04
6.845763709861785173e-05
4.637625243049114943e-04
2.066554734483361244e-04
1.454171375371515751e-03
2.523700706660747528e-03
1.795745774870738387e-04
6.508537917397916317e-04
6.836254760855808854e-05
3.820241254288703203e-04
3.671030935947783291e-05
4.616073565557599068e-04
1.504097454017028213e-04
2.554062666604295373e-05
1.143273664638400078e-03
6.297247018665075302e-04
5.935860099270939827e-05
1.167028458439745009e-04
6.081250830902718008e-05
2.510604390408843756e-04
7.810713141225278378e-04
3.194582313881255686e-05
1.107875141315162182e-03
9.629674605093896389e-05
2.373752882704138756e-03
1.049990096362307668e-04
7.171462057158350945e-04
4.703647209680639207e-05
3.970572142861783504e-04
6.826453318353742361e-05
1.005207959678955376e-04
2.308727416675537825e-04
2.416002389509230852e-04
1.098360749892890453e-03
6.846090400358662009e-05
1.321688905591145158e-04
4.935271572321653366e-04
9.973021951736882329e-05
1.188248628750443459e-03
5.786545225419104099e-04
1.566347491461783648e-04
6.567991804331541061e-04
5.066614248789846897e-04
1.625053468160331249e-03
2.292772696819156408e-04
1.113726524636149406e-03
3.963735362049192190e-04
1.398598978994414210e-04
2.505651791580021381e-04
1.576429349370300770e-04
4.104529216419905424e-05
2.435724600218236446e-04
8.465378778055310249e-05
4.066424444317817688e-04
5.453806952573359013e-04
1.503520034020766616e-04
5.185779082239605486e-05
5.371708175516687334e-05
3.816887692664749920e-05
6.773613858968019485e-04
9.442280861549079418e-05
3.472730168141424656e-05
1.349514495814219117e-04
3.351287523400969803e-05
7.680884300498291850e-05
2.781044167932122946e-05
1.504027168266475201e-04
1.446926762582734227e-04
1.868722210929263383e-05
1.507455453975126147e-04
2.644055057317018509e-04
6.835335807409137487e-05
1.368737721350044012e-04
3.319808456581085920e-05
3.236266202293336391e-04
3.342688432894647121e-05
3.558116732165217400e-04
3.322893753647804260e-04
2.923369174823164940e-04
6.653419404756277800e-05
1.559453230584040284e-04
9.898384632833767682e-06
4.216812885715626180e-05
1.607461017556488514e-04
3.547185915522277355e-04
1.003414145088754594e-04
7.405267679132521152e-04
2.079077297821640968e-03
2.632811374496668577e-04
5.134107777848839760e-04
1.961074012797325850e-04
2.746316313277930021e-04
1.329274673480540514e-04
1.499096688348799944e-04
1.452994474675506353e-04
3.861476143356412649e-04
1.302312884945422411e-04
6.975797004997730255e-04
1.867281971499323845e-04
1.534477807581424713e-03
9.773505735211074352e-05
2.707117237150669098e-04
1.235746894963085651e-04
6.909893272677436471e-05
1.216806995216757059e-04
1.527986372821033001e-03
1.066656768671236932e-04
8.082218701019883156e-04
1.489312126068398356e-04
8.262805931735783815e-05
7.563704275526106358e-04
5.982626462355256081e-04
9.346909791929647326e-05
6.854119419585913420e-05
6.999843753874301910e-05
4.308444040361791849e-04
4.107319400645792484e-04
1.506409328430891037e-02
2.622113097459077835e-04
7.607435109093785286e-04
8.478548261336982250e-05
3.836370888166129589e-04
6.751458859071135521e-04
6.411244976334273815e-05
4.829586250707507133e-04
5.466873699333518744e-05
1.135491911554709077e-04
6.521218892885372043e-05
2.804754767566919327e-04
1.588714658282697201e-04
4.357472644187510014e-04
3.359359689056873322e-04
9.495822596363723278e-04
8.131251524901017547e-05
5.372870873543433845e-05
3.253007525927387178e-05
1.172795076854526997e-03
1.476638135500252247e-03
1.876740949228405952e-03
2.240551402792334557e-04
8.282691705971956253e-04
5.515944212675094604e-05
2.353564777877181768e-04
8.142477017827332020e-04
1.012274951790459454e-04
1.917761546792462468e-04
5.753654986619949341e-04
8.885264396667480469e-04
3.804012885666452348e-05
4.740267104352824390e-05
8.372979937121272087e-04
4.367984365671873093e-04
6.864516763016581535e-05
9.626855899114161730e-05
6.067966751288622618e-05
5.666830111294984818e-04
5.009951419197022915e-04
2.508510078769177198e-05
1.629759935894981027e-04
9.220086212735623121e-05
4.477376642171293497e-04
1.540944795124232769e-04
1.552936591906473041e-04
5.448004230856895447e-04
1.440299092791974545e-05
5.966112366877496243e-04
6.748505984432995319e-05
3.260684025008231401e-05
9.689322323538362980e-04
8.434293704340234399e-05
1.038455055095255375e-03
2.535764360800385475e-04
7.725966133875772357e-05
2.369558496866375208e-04
7.325860206037759781e-04
1.338187867077067494e-04
6.297115032793954015e-05
6.958899321034550667e-04
5.427626456366851926e-05
2.127387269865721464e-04
2.443995617795735598e-04
7.093026069924235344e-04
3.754185454454272985e-04
3.598906332626938820e-03
1.835117291193455458e-04
4.713735252153128386e-04
9.178816253552213311e-05
2.090740250423550606e-03
6.548065721290186048e-05
1.938663044711574912e-04
1.018936673062853515e-04
7.191143231466412544e-05
9.635480637371074408e-06
3.285033744759857655e-04
3.284303820692002773e-04
1.049412996508181095e-03
9.253612370230257511e-05
6.928651127964258194e-04
5.636566129396669567e-05
1.239923440152779222e-04
3.208823181921616197e-05
1.321738818660378456e-04
4.259140769136138260e-05
1.073953462764620781e-03
6.164244259707629681e-04
5.867270519956946373e-04
8.649619412608444691e-04
5.687132579623721540e-05
3.246667984058149159e-05
6.905907503096386790e-05
4.566453571897000074e-04
2.583733003120869398e-04
1.132449368014931679e-03
7.719128188909962773e-05
4.542827664408832788e-04
1.073468010872602463e-04
2.668481320142745972e-04
3.543963539414107800e-04
8.639923908049240708e-05
6.035767728462815285e-05
7.983930408954620361e-04
2.161115298804361373e-05
2.205324708484113216e-04
1.274769660085439682e-03
4.069955321028828621e-05
6.203886732691898942e-05
3.803171421168372035e-05
8.895500213839113712e-04
5.535991294891573489e-05
6.205959944054484367e-04
4.365331551525741816e-04
2.658162848092615604e-04
7.134500629035755992e-05
5.418359069153666496e-04
6.767483137082308531e-05
3.203941450919955969e-04
2.524240699131041765e-04
1.600747491465881467e-04
1.320166047662496567e-04
6.634065066464245319e-04
6.658323109149932861e-04
1.989453157875686884e-04
1.170071918750181794e-04
2.960917299787979573e-05
8.714118157513439655e-04
5.551929352805018425e-04
2.495186927262693644e-04
5.008006119169294834e-04
9.202630462823435664e-05
4.298682324588298798e-04
5.271684858598746359e-05
2.347631088923662901e-04
8.832250750856474042e-05
7.976344204507768154e-05
2.316617610631510615e-04
1.091591620934195817e-04
3.091178077738732100e-04
1.448617404093965888e-04
6.615970778511837125e-05
4.231214188621379435e-05
2.014205238083377481e-04
8.483910933136940002e-04
7.917250040918588638e-04
5.577412957791239023e-05
1.686346367932856083e-04
3.533498384058475494e-04
2.388623579463455826e-05
2.330671559320762753e-04
7.133834151318296790e-05
2.159710275009274483e-04
3.323137934785336256e-04
1.850519620347768068e-04
1.698285195743665099e-04
6.802641291869804263e-05
9.595312440069392323e-05
6.841322465334087610e-05
4.353571785031817853e-05
4.746322156279347837e-05
6.146811210783198476e-05
1.095362385967746377e-04
4.989998997189104557e-04
1.909979910124093294e-04
4.327144997660070658e-04
6.363930879160761833e-05
1.716094906441867352e-03
3.498643927741795778e-04
2.787313133012503386e-05
6.835443491581827402e-05
3.965833093388937414e-05
1.711987075395882130e-03
7.391412509605288506e-04
5.465741269290447235e-04
2.901556581491604447e-05
1.676160172792151570e-04
3.635965549619868398e-05
3.667872806545346975e-04
1.174485732917673886e-04
9.740004315972328186e-05
8.536672248737886548e-05
1.627118326723575592e-04
3.802483843173831701e-05
1.177222948172129691e-04
5.406115451478399336e-05
2.020630345214158297e-04
6.522538024000823498e-05
6.400365236913785338e-05
5.971170612610876560e-04
6.230510771274566650e-04
1.975026680156588554e-04
6.836734246462583542e-05
2.136162802344188094e-04
1.150826574303209782e-03
3.924209449905902147e-04
3.411796351429075003e-04
1.176033547380939126e-04
2.392705937381833792e-05
5.647464422509074211e-04
4.398428063723258674e-05
8.148729830281808972e-05
4.597944280249066651e-05
1.119421562179923058e-03
2.994304486492183059e-05
5.628331564366817474e-05
7.539790385635569692e-05
1.544463302707299590e-04
1.030533676384948194e-04
7.032644352875649929e-04
3.340222465340048075e-04
2.490209008101373911e-04
5.059860413894057274e-04
5.856974894413724542e-05
9.746234863996505737e-04
6.849825876997783780e-05
8.809579885564744473e-04
1.505467807874083519e-04
1.556405186420306563e-04
4.731017979793250561e-04
1.287279301322996616e-03
1.329276710748672485e-04
3.984177892562001944e-04
1.491153234383091331e-04
8.492366177961230278e-04
4.779687733389437199e-04
4.844818322453647852e-04
3.177645703544840217e-05
1.689693162916228175e-04
9.869165951386094093e-04
1.665912423050031066e-04
9.517962462268769741e-05
1.582319382578134537e-04
1.107478630729019642e-03
4.624977736966684461e-05
6.804360600654035807e-05
2.271122502861544490e-04
1.900106435641646385e-04
9.036955452756956220e-05
8.074377547018229961e-05
1.266606413992121816e-04
1.636855420656502247e-03
7.152214529924094677e-04
1.266172737814486027e-03
2.221575559815391898e-04
7.118949724826961756e-05
4.817032822757028043e-05
1.361921546049416065e-03
6.162154022604227066e-05
1.193064817925915122e-04
1.988665026146918535e-04
4.236839013174176216e-04
2.077175122394692153e-05
3.180075727868825197e-04
1.000801275949925184e-04
1.948384597199037671e-04
1.606587553396821022e-03
1.306480990024283528e-04
6.842611037427559495e-05
3.696405474329367280e-05
3.971995902247726917e-04
5.249302557785995305e-05
5.408101060311309993e-05
4.333806282375007868e-04
6.096659490140154958e-05
1.541622448712587357e-03
9.062813478522002697e-04
7.862712955102324486e-04
1.046248216880485415e-04
7.463381916750222445e-05
1.201836392283439636e-03
3.493321128189563751e-04
2.253082129755057395e-05
1.896031753858551383e-04
1.025668607326224446e-04
1.216551754623651505e-04
1.243247097590938210e-04
8.118675032164901495e-05
6.986496009631082416e-05
2.501448325347155333e-04
3.662532544694840908e-04
1.991625758819282055e-04
1.611980551388114691e-04
1.925541146192699671e-04
1.009817700833082199e-03
6.143014761619269848e-04
6.689751899102702737e-05
1.283498131670057774e-04
6.554019637405872345e-05
2.274704398587346077e-03
8.672242984175682068e-06
2.666675136424601078e-04
1.021723510348238051e-04
1.561821991344913840e-04
5.280101322568953037e-04
6.826934986747801304e-05
4.959258367307484150e-04
4.033579170936718583e-05
1.112006211769767106e-04
9.516233694739639759e-04
8.404179970966652036e-05
3.038542636204510927e-04
1.070421567419543862e-04
4.416130541358143091e-04
1.271985383937135339e-04
1.138771331170573831e-04
2.682193589862436056e-04
1.763655018294230103e-04
2.248074742965400219e-04
8.840394730214029551e-05
8.861391688697040081e-05
3.490545495878905058e-04
2.851822937373071909e-04
3.336469526402652264e-04
3.909136867150664330e-04
7.905883103376254439e-05
2.229402016382664442e-04
2.536870852054562420e-05
1.463407534174621105e-04
5.161245935596525669e-04
1.016861293464899063e-03
7.576255011372268200e-04
4.983076360076665878e-04
2.216786233475431800e-04
5.183853209018707275e-04
3.573443973436951637e-05
5.477903687278740108e-05
7.139109075069427490e-04
5.246301952865906060e-05
6.896380800753831863e-04
5.068856989964842796e-04
1.426028175046667457e-04
2.173307584598660469e-04
7.317634881474077702e-04
1.131810713559389114e-04
5.390809019445441663e-05
6.416109390556812286e-04
1.103741888073273003e-04
1.613837957847863436e-04
2.117105614161118865e-04
3.717287909239530563e-04
1.086629694327712059e-03
1.490199356339871883e-04
1.225241285283118486e-04
7.069071289151906967e-04
7.680430280743166804e-05
3.093815466854721308e-04
1.938646455528214574e-04
1.695382816251367331e-04
3.132398705929517746e-04
3.492486721370369196e-04
9.908553911373019218e-04
6.888923235237598419e-05
1.132606994360685349e-04
9.460240107728168368e-05
1.129884622059762478e-03
7.733578240731731057e-05
4.227164899930357933e-04
5.542425205931067467e-04
1.481957442592829466e-04
6.864339957246556878e-05
8.015233470359817147e-05
1.943972893059253693e-04
2.709989435970783234e-03
4.274776802049018443e-05
1.878148614196106791e-04
4.915953468298539519e-05
2.597506500023882836e-05
3.399896959308534861e-04
1.076267799362540245e-03
1.050308695994317532e-03
1.402893685735762119e-04
2.626480418257415295e-04
7.435485895257443190e-05
4.899660780210979283e-05
5.312043140293098986e-05
7.438958709826692939e-05
5.605429032584652305e-05
6.052766548236832023e-05
8.135180105455219746e-04
2.613459946587681770e-05
4.379690799396485090e-04
5.910149193368852139e-04
6.774589564884081483e-05
5.368755955714732409e-05
5.768788978457450867e-04
6.308815209195017815e-04
5.562637670664116740e-05
2.120976714650169015e-04
7.665861048735678196e-04
1.765172783052548766e-04
7.752818055450916290e-05
5.970212805550545454e-05
5.377746128942817450e-05
2.203392941737547517e-04
9.468995995121076703e-05
7.125664851628243923e-04
1.559834781801328063e-04
1.780393649823963642e-04
2.788634737953543663e-04
6.317394581856206059e-05
3.149652038700878620e-04
3.617313632275909185e-04
6.281912646954879165e-05
2.541704452596604824e-04
8.629680087324231863e-05
4.687859109253622591e-05
1.473978190915659070e-04
1.311288506258279085e-04
1.274535665288567543e-03
2.654321142472326756e-04
7.894881418906152248e-04
3.687107528094202280e-04
3.004705533385276794e-03
1.511564769316464663e-04
5.194478435441851616e-04
4.131273017264902592e-04
8.429500740021467209e-04
3.326565274619497359e-05
6.860681605758145452e-05
3.091284088441170752e-05
3.028788341907784343e-05
4.109858491574414074e-05
6.522586336359381676e-04
7.738079875707626343e-04
8.639559964649379253e-04
1.306080375798046589e-04
1.950893783941864967e-04
3.022710006916895509e-05
2.421276258246507496e-05
6.886203773319721222e-04
2.565803297329694033e-04
6.042099994374439120e-05
2.192716601712163538e-05
3.537303200573660433e-05
3.632170773926191032e-05
1.833433634601533413e-04
8.188733481802046299e-04
3.222345549147576094e-05
3.199515631422400475e-04
8.480140968458727002e-05
1.161633626907132566e-04
7.404248754028230906e-05
1.846818922786042094e-04
5.823794635944068432e-04
3.909266379196196795e-04
1.555046183057129383e-04
7.056530739646404982e-05
4.478355695027858019e-04
7.171651668613776565e-05
3.555071889422833920e-04
1.108771029976196587e-04
5.001756828278303146e-03
9.430975769646465778e-04
3.302752156741917133e-04
5.421021487563848495e-04
2.326048524992074817e-05
1.336666522547602654e-03
2.444191195536404848e-04
2.902512787841260433e-04
1.321409217780455947e-04
5.347317346604540944e-05
8.443600381724536419e-05
6.687783170491456985e-04
5.083646465209312737e-05
3.406708128750324249e-05
4.464517987798899412e-04
2.550096542108803988e-04
5.409800214692950249e-04
2.043138956651091576e-04
9.405159653397276998e-05
5.935752415098249912e-04
9.314563067164272070e-05
5.198569269850850105e-04
9.125583164859563112e-05
1.414566359017044306e-04
5.184125038795173168e-04
1.104620605474337935e-04
4.260331115801818669e-05
3.748478193301707506e-04
4.802148760063573718e-05
1.876168607850559056e-05
2.272172132506966591e-04
7.580537203466519713e-05
2.268763026222586632e-03
5.137984640896320343e-03
6.438553828047588468e-05
4.966343112755566835e-05
4.678898549173027277e-04
2.526210737414658070e-04
2.630464732646942139e-04
1.047668556566350162e-04
9.896208939608186483e-05
9.182942449115216732e-04
3.590632986743003130e-04
2.212130639236420393e-04
2.038168604485690594e-04
7.238822872750461102e-04
9.516111458651721478e-04
2.233755221823230386e-04
1.090748628485016525e-04
1.156383441411890090e-04
3.801847560680471361e-05
3.259361255913972855e-05
5.569356726482510567e-04
9.346708975499495864e-05
3.392993239685893059e-04
1.228405453730374575e-04
8.927253074944019318e-04
1.535768242320045829e-04
6.173588917590677738e-05
7.153089391067624092e-04
3.231183654861524701e-05
1.467256079195067286e-04
3.949929028749465942e-03
1.483176165493205190e-04
2.673615526873618364e-04
1.116107741836458445e-04
3.899906878359615803e-04
3.222693048883229494e-04
2.943740400951355696e-04
1.466592657379806042e-03
3.615592722781002522e-04
5.485946894623339176e-05
5.171474185772240162e-04
9.482813184149563313e-04
4.936858313158154488e-04
3.080224269069731236e-04
1.402988709742203355e-04
3.614037632360123098e-05
1.240523066371679306e-03
8.092080679489299655e-05
7.374359120149165392e-05
5.842484461027197540e-05
3.346541780047118664e-05
7.847917004255577922e-05
5.323557998053729534e-04
4.793740226887166500e-04
4.800603346666321158e-05
6.057999053155072033e-05
1.639346010051667690e-03
7.421198097290471196e-05
1.329873921349644661e-04
4.701475845649838448e-04
3.468473732937127352e-04
1.299771829508244991e-04
1.038728660205379128e-04
4.486082179937511683e-04
6.337784579955041409e-04
5.361198564060032368e-04
1.410599448718130589e-03
1.899655326269567013e-04
1.292446977458894253e-04
4.963178071193397045e-05
8.276315202238038182e-05
1.088312055799178779e-04
6.280618254095315933e-05
3.049665247090160847e-04
8.441712270723655820e-05
2.267842501169070601e-04
9.049974323716014624e-05
2.049388567684218287e-04
8.967373287305235863e-05
4.238099791109561920e-04
4.372708644950762391e-05
1.447877148166298866e-04
2.525082381907850504e-04
1.808884902857244015e-03
2.339511229365598410e-05
1.935819636855740100e-05
2.137445335392840207e-05
5.098637193441390991e-04
4.435492155607789755e-05
7.028631080174818635e-05
2.398352080490440130e-04
3.904186451109126210e-05
5.723388167098164558e-04
1.520428806543350220e-03
1.263058948097750545e-04
1.573631016071885824e-04
1.846571540227159858e-04
6.099297024775296450e-05
1.044349191943183541e-04
5.542211147258058190e-05
5.032442859373986721e-04
1.150525873526930809e-03
3.959629684686660767e-04
3.975085273850709200e-04
5.094187799841165543e-04
3.503912739688530564e-05
4.689701745519414544e-05
5.945808152318932116e-05
1.010902560665272176e-04
1.207359950058162212e-03
4.046018701046705246e-03
1.913399173645302653e-04
1.081557275028899312e-04
1.287986669922247529e-04
1.631287741474807262e-04
4.444897058419883251e-05
1.170034869574010372e-03
1.455046585761010647e-04
1.056478591635823250e-03
2.413641777820885181e-04
5.573273301706649363e-05
8.676201105117797852e-05
3.556326191755943000e-05
8.489292667945846915e-05
1.476985344197601080e-04
1.865594676928594708e-04
1.410857366863638163e-04
3.436313272686675191e-05
2.362577070016413927e-04
1.209379752253880724e-05
1.393655984429642558e-04
1.413525315001606941e-04
1.544647529954090714e-04
5.404172043199650943e-05
4.204360448056831956e-05
1.538243959657847881e-04
1.673462393227964640e-04
6.853112427052110434e-05
3.768932656385004520e-04
3.618316550273448229e-04
3.193741576978936791e-05
8.240489114541560411e-05
1.068885394488461316e-04
1.324337499681860209e-04
2.208239602623507380e-04
1.650993130169808865e-03
3.423440211918205023e-04
3.678458160720765591e-04
8.803373202681541443e-05
4.671409260481595993e-05
6.230624858289957047e-04
1.116774292313493788e-04
2.890999021474272013e-04
7.183731650002300739e-04
1.849394058808684349e-03
3.553875139914453030e-04
3.448432835284620523e-04
1.466051762690767646e-04
5.582619996857829392e-05
5.064147408120334148e-04
4.755036570713855326e-05
8.366705151274800301e-05
6.848538760095834732e-05
9.592402057023718953e-05
2.717591996770352125e-04
1.363363699056208134e-03
5.883592166355811059e-05
9.137042798101902008e-05
7.580320379929617047e-05
3.768768146983347833e-05
3.225471009500324726e-04
1.414222351741045713e-04
4.252390353940427303e-04
1.168611051980406046e-04
1.954646315425634384e-03
2.664016210474073887e-04
4.156127397436648607e-04
1.422885397914797068e-04
1.517060591140761971e-04
6.502080213977023959e-05
5.395607877289876342e-05
2.482145500835031271e-04
5.079297261545434594e-05
9.012413647724315524e-05
3.550804103724658489e-04
2.609204093459993601e-04
3.717882500495761633e-04
6.887047493364661932e-05
2.574725367594510317e-04
1.314778492087498307e-04
1.505642314441502094e-03
5.412396058090962470e-05
5.033851994085125625e-05
1.571480243001133204e-05
4.070870345458388329e-04
1.234305236721411347e-04
3.400991554372012615e-04
9.399901027791202068e-04
7.056110189296305180e-05
1.441539934603497386e-04
9.957350812328513712e-06
5.860361270606517792e-04
3.615040623117238283e-05
6.049110088497400284e-04
8.052361954469233751e-05
3.104419010924175382e-05
1.272351219085976481e-04
1.439808256691321731e-04
2.168117644032463431e-04
1.968098076758906245e-04
2.620661980472505093e-04
6.916109850862994790e-05
5.756931932410225272e-05
3.263447433710098267e-04
2.902644337154924870e-04
4.524344331002794206e-05
1.091170823201537132e-03
8.069789328146725893e-05
2.054746873909607530e-04
4.029539995826780796e-04
1.559024240123108029e-04
2.778344205580651760e-04
2.054394281003624201e-04
3.268178988946601748e-05
6.608990224776789546e-05
5.190110823605209589e-05
5.763051012763753533e-05
5.825434345752000809e-04
1.231028290931135416e-04
8.472841000184416771e-05
3.498423611745238304e-04
1.554986811242997646e-04
1.572021865285933018e-03
3.521847611409612000e-05
4.001945490017533302e-04
6.147482781670987606e-05
1.056142355082556605e-04
9.942040924215689301e-05
7.451529381796717644e-05
3.465755726210772991e-04
9.823345317272469401e-05
8.314256556332111359e-04
1.450509997084736824e-03
2.376894844928756356e-04
9.494565310887992382e-04
4.433374851942062378e-04
6.130714609753340483e-05
3.348875790834426880e-03
7.181633845902979374e-04
2.272389829158782959e-04
3.021335869561880827e-04
3.325709840282797813e-04
2.532260259613394737e-04
7.664475560886785388e-05
1.893687149276956916e-04
2.118100877851247787e-03
1.702985318843275309e-04
9.519805462332442403e-05
3.092500555794686079e-04
5.599354626610875130e-04
4.367298970464617014e-04
1.088890858227387071e-04
1.414806698448956013e-03
4.170238098595291376e-04
8.106616442091763020e-04
1.796431024558842182e-04
1.733696117298677564e-04
2.467250160407274961e-04
7.905766688054427505e-05
1.763464097166433930e-04
3.951461985707283020e-05
1.044352189637720585e-03
1.822082704165950418e-04
2.683012513443827629e-03
4.303885507397353649e-04
9.436663094675168395e-05
2.100337587762624025e-05
5.704928116756491363e-05
6.800089031457901001e-04
3.160802880302071571e-04
5.092173232696950436e-04
6.586797826457768679e-05
2.237563021481037140e-04
1.411193079547956586e-04
1.377553999191150069e-04
3.155879210680723190e-03
1.614998654986266047e-05
3.341345291119068861e-04
5.412009195424616337e-04
5.496567246154882014e-05
3.733577614184468985e-05
6.850420322734862566e-05
6.865805480629205704e-04
2.453633351251482964e-05
3.018938878085464239e-04
1.084885210730135441e-03
8.048511808738112450e-04
1.233930233865976334e-04
5.344529054127633572e-04
4.704390012193471193e-04
9.533555567031726241e-05
4.734299145638942719e-04
6.273676990531384945e-05
9.484581096330657601e-05
1.095093466574326158e-04
5.489273098646663129e-05
6.269106524996459484e-04
5.730575867346487939e-05
9.154893632512539625e-05
1.765343622537329793e-04
4.030738491564989090e-04
2.035779325524345040e-04
3.907052450813353062e-04
9.982333285734057426e-04
2.392071619397029281e-04
3.451657903497107327e-05
2.917912206612527370e-04
2.498276589903980494e-04
6.533908890560269356e-05
2.079453552141785622e-04
7.642302080057561398e-05
1.960256922757253051e-04
4.473573935683816671e-04
1.614840875845402479e-04
3.564009602996520698e-05
3.728453521034680307e-05
2.469725441187620163e-04
1.743111206451430917e-04
5.696449079550802708e-04
1.277200644835829735e-04
6.736681098118424416e-04
2.533426741138100624e-04
5.388351273722946644e-04
2.133859088644385338e-03
8.601776789873838425e-04
4.826888034585863352e-04
7.485807145712897182e-05
1.281272387132048607e-03
1.737998536555096507e-04
2.890489849960431457e-05
5.635931665892712772e-05
7.010625558905303478e-04
1.353513362118974328e-04
1.278032665140926838e-03
1.442743523512035608e-04
6.834787927800789475e-05
1.046975885401479900e-04
1.350021804682910442e-03
1.369907695334404707e-04
5.514781878446228802e-05
6.114882125984877348e-05
5.498559767147526145e-05
3.683494651340879500e-05
2.674258139450103045e-04
5.268302265903912485e-05
3.797036770265549421e-04
6.535770953632891178e-04
1.083629322238266468e-04
1.853901339927688241e-04
4.980540252290666103e-04
9.844413580140098929e-05
1.186907684314064682e-04
2.707476087380200624e-04
4.422807614901103079e-05
1.169757815659977496e-04
1.740508159855380654e-04
2.770692808553576469e-04
2.096564421663060784e-04
7.354911213042214513e-05
4.377275035949423909e-05
2.346084329474251717e-05
4.428397733136080205e-05
7.118411012925207615e-04
3.689164805109612644e-05
4.612130578607320786e-04
1.781327737262472510e-04
4.804407217307016253e-05
2.481333503965288401e-04
7.241471030283719301e-05
4.800221358891576529e-04
1.398813765263184905e-04
2.577686100266873837e-04
8.492011111229658127e-04
1.178364836960099638e-04
9.489759686402976513e-04
1.898766058729961514e-04
2.932894276455044746e-04
8.827482815831899643e-04
1.386649964842945337e-04
4.330139781814068556e-04
6.858872802695259452e-05
2.137082774424925447e-04
4.401615296956151724e-04
2.756189496722072363e-05
2.630862290970981121e-04
6.096711877034977078e-05
2.315993653610348701e-03
4.418777461978606880e-05
6.234333704924210906e-05
2.199930604547262192e-04
9.135544532909989357e-04
2.372187009314075112e-04
4.308408242650330067e-04
1.358986482955515385e-04
2.938484831247478724e-04
4.961665254086256027e-04
2.973631198983639479e-04
4.863349022343754768e-05
2.336003235541284084e-04
2.254710416309535503e-04
9.003114973893389106e-05
2.836777130141854286e-04
3.299699747003614902e-04
1.147879593190737069e-04
5.717221210943534970e-05
1.477410696679726243e-04
6.607827526750043035e-05
2.188873477280139923e-04
1.593592460267245770e-04
4.597220977302640676e-04
8.224778139265254140e-05
3.308705054223537445e-04
1.161767984740436077e-03
9.907790808938443661e-05
7.625335274497047067e-05
4.633034404832869768e-05
8.792423614067956805e-05
7.730705692665651441e-05
8.010423334781080484e-05
1.193031552247703075e-03
3.318235685583204031e-04
1.310723309870809317e-04
9.113224223256111145e-05
8.440304081887006760e-04
4.789565573446452618e-04
1.050982900778762996e-04
1.404628739692270756e-03
8.851510210661217570e-05
1.361058530164882541e-04
6.863597081974148750e-05
6.837128603365272284e-05
1.393297221511602402e-03
4.343387263361364603e-04
1.556456409161910415e-04
3.840638382826000452e-04
1.320819574175402522e-04
5.449144518934190273e-04
4.137831274420022964e-04
2.406311396043747663e-04
1.307163183810189366e-04
3.964670177083462477e-04
4.246435855748131871e-05
6.189240230014547706e-05
1.503449748270213604e-04
3.036198031622916460e-04
7.350518135353922844e-04
7.563007966382429004e-05
7.197309751063585281e-04
2.279062464367598295e-04
6.080563762225210667e-04
3.204287786502391100e-04
8.296773303300142288e-04
2.903884160332381725e-04
4.969133879058063030e-04
8.291523408843204379e-05
9.703956893645226955e-04
1.083598835975863039e-04
4.402555350679904222e-05
1.948385615833103657e-04
9.653337474446743727e-05
5.317022441886365414e-05
1.791895774658769369e-04
3.117693267995491624e-05
5.640927338390611112e-05
6.680979277007281780e-05
2.413920446997508407e-04
5.992763908579945564e-04
1.077331398846581578e-04
1.097378262784332037e-04
2.556816434662323445e-05
6.926605128683149815e-04
8.214380068238824606e-05
9.328480518888682127e-05
5.758551560575142503e-05
5.864442209713160992e-04
5.389426587498746812e-05
1.221590500790625811e-04
3.338485112180933356e-05
3.254556213505566120e-05
1.268311461899429560e-04
2.140182768926024437e-04
8.721642370801419020e-05
5.380393122322857380e-05
6.647318514296784997e-05
2.958356635645031929e-04
5.768638220615684986e-04
1.819025346776470542e-04
1.735370140522718430e-03
1.436816528439521790e-04
8.111122297123074532e-04
3.004444763064384460e-03
1.469297712901607156e-04
8.434273331658914685e-05
2.123254525940865278e-04
4.964063555235043168e-05
1.020269264699891210e-04
9.892316302284598351e-05
4.326117632444947958e-04
4.146093851886689663e-05
8.480792166665196419e-04
1.866483507910743356e-04
3.250674126320518553e-05
6.982322665862739086e-04
9.966157449525780976e-06
6.851556827314198017e-05
3.020376607310026884e-04
1.025022720568813384e-04
8.504149736836552620e-04
1.849551917985081673e-04
6.777520175091922283e-04
6.006502662785351276e-04
2.060666447505354881e-04
7.338957220781594515e-05
4.764596233144402504e-04
6.565365038113668561e-05
2.464958233758807182e-04
4.184791396255604923e-05
3.839076453004963696e-05
3.875878610415384173e-05
1.411002740496769547e-04
4.768651269841939211e-04
4.475428795558400452e-05
3.041785676032304764e-04
5.699485191144049168e-04
6.258155190153047442e-05
7.032573921605944633e-04
5.203328328207135201e-05
5.645552664645947516e-05
1.959751243703067303e-04
8.012650505406782031e-05
4.428121246746741235e-05
1.497967052273452282e-03
7.243459549499675632e-05
1.176344303530640900e-04
1.775138895027339458e-03
5.719375258195213974e-05
1.025044184643775225e-04
1.373879786115139723e-04
1.073915482265874743e-04
2.265961520606651902e-04
3.638948546722531319e-04
1.291387452511116862e-04
3.753396595129743218e-05
3.022573946509510279e-04
4.316898048273287714e-05
4.380383179523050785e-04
3.703439870150759816e-05
6.371803465299308300e-04
1.391455316479550675e-05
3.963728522649034858e-05
4.607256414601579309e-05
8.243270713137462735e-05
6.901305168867111206e-04
3.242109087295830250e-04
2.562948036938905716e-03
2.059710532194003463e-04
2.243247581645846367e-04
1.330539234913885593e-04
3.258761425968259573e-04
3.989144170191138983e-04
1.601297990418970585e-04
6.859409040771424770e-05
1.479442114941775799e-03
1.862515491666272283e-04
2.135465183528140187e-04
3.011277294717729092e-04
3.196782199665904045e-04
2.074510302918497473e-05
1.068012672476470470e-03
5.730021075578406453e-05
2.048827882390469313e-04
2.799618523567914963e-03
1.037504058331251144e-03
5.800374128739349544e-05
1.717152481433004141e-04
3.729972231667488813e-04
3.304682468296959996e-05
2.099465637002140284e-04
4.556940621114335954e-05
5.859454395249485970e-04
9.349222818855196238e-05
4.287145202397368848e-05
9.679316426627337933e-04
1.827743253670632839e-04
4.728447820525616407e-04
4.864367656409740448e-04
2.949271874967962503e-04
5.066662924946285784e-05
3.269934677518904209e-05
1.459037448512390256e-04
8.505245205014944077e-04
1.775121781975030899e-04
2.176007728849072009e-05
2.770652354229241610e-04
4.227571844239719212e-05
4.006586968898773193e-04
8.323160582222044468e-04
2.984872662636917084e-05
4.577911386149935424e-05
7.924335659481585026e-05
5.533869261853396893e-05
7.133419421734288335e-05
1.980556990019977093e-04
5.030333995819091797e-04
3.645696560852229595e-04
4.338158760219812393e-04
3.708642543642781675e-05
4.108364519197493792e-04
3.375579035491682589e-05
2.676993608474731445e-04
1.747162546962499619e-03
2.894735189329367131e-05
2.199395385105162859e-05
4.491162253543734550e-04
5.309674306772649288e-04
9.586640226189047098e-05
1.169239287264645100e-03
4.533626270131208003e-05
2.609781513456255198e-04
1.673636492341756821e-03
4.242952563799917698e-04
2.477042435202747583e-04
1.557920477353036404e-03
2.508489997126162052e-04
7.879282929934561253e-05
5.893051638850010931e-05
5.120592541061341763e-04
6.119129102444276214e-05
7.125708361854776740e-05
5.737353931181132793e-04
6.767305603716522455e-05
3.130819532088935375e-04
1.306662743445485830e-04
1.492768176831305027e-03
3.338106034789234400e-05
3.104295756202191114e-04
6.859043060103431344e-05
7.941065996419638395e-05
1.174369826912879944e-03
2.014887286350131035e-04
3.296074282843619585e-05
2.917777164839208126e-04
1.358809531666338444e-04
1.791123650036752224e-04
3.997012681793421507e-04
1.834208524087443948e-04
4.700636054622009397e-05
3.125911462120711803e-05
2.345884277019649744e-04
2.118297154083848000e-03
1.252059737453237176e-04
2.667234548425767571e-05
4.519646172411739826e-04
1.339935581199824810e-03
3.371309139765799046e-04
1.355569838779047132e-04
5.959376358077861369e-05
1.017462564050219953e-04
2.741929376497864723e-03
1.268731866730377078e-04
8.754141163080930710e-05
8.043019915930926800e-04
5.020873140892945230e-05
9.950302046490833163e-05
2.363585517741739750e-04
1.318742870353162289e-04
2.231647085864096880e-04
5.015776259824633598e-04
9.868669440038502216e-05
3.092548577114939690e-04
2.492492239980492741e-05
6.999530160101130605e-05
1.965206029126420617e-04
2.443573612254112959e-04
2.503077121218666434e-05
3.659012872958555818e-05
9.732753387652337551e-04
3.072110703215003014e-04
4.165366772213019431e-05
1.845864608185365796e-04
3.127103846054524183e-04
6.035631522536277771e-04
1.325972698396071792e-04
3.480485247564502060e-05
1.987531315535306931e-03
4.569155862554907799e-05
4.332523385528475046e-04
1.672499638516455889e-04
4.291895602364093065e-04
2.775959364953450859e-05
7.290642242878675461e-04
7.518564816564321518e-04
4.577170766424387693e-04
4.666054155677556992e-04
3.503542102407664061e-04
8.545909804524853826e-05
2.748653350863605738e-04
1.471182185923680663e-04
5.711896810680627823e-04
3.155433514621108770e-04
7.282862788997590542e-04
9.505097987130284309e-04
5.557515396503731608e-05
1.009059997159056365e-04
4.594304191414266825e-04
2.637369834701530635e-05
6.940725725144147873e-04
9.294146002503111959e-05
7.040253840386867523e-04
9.711108286865055561e-04
1.000056581688113511e-04
4.471192733035422862e-05
4.428364263731054962e-05
1.363797113299369812e-03
1.965617266250774264e-04
1.553960319142788649e-04
4.538588109426200390e-04
6.870189099572598934e-05
3.560413897503167391e-04
2.645304630277678370e-05
3.040713818336371332e-05
4.577804647851735353e-04
4.170850734226405621e-04
5.596416885964572430e-04
3.213401578250341117e-05
1.441186032025143504e-04
1.367164222756400704e-04
6.293344631558284163e-05
8.452346082776784897e-05
1.903616066556423903e-04
4.919899511151015759e-04
2.526279240555595607e-05
3.788810136029496789e-05
2.442050026729702950e-03
1.222271093865856528e-04
1.808420493034645915e-04
4.171793261775746942e-05
8.737401367397978902e-05
3.523268969729542732e-05
2.311675234523136169e-05
2.416743227513507009e-04
1.283575838897377253e-04
5.939494803897105157e-05
1.841039556893520057e-05
1.404726644977927208e-03
1.140702050179243088e-03
2.083733415929600596e-04
3.299986419733613729e-04
3.206988621968775988e-04
3.253004688303917646e-04
6.723350088577717543e-05
4.336377605795860291e-05
6.490769737865775824e-05
1.915557775646448135e-03
6.593277066713199019e-05
4.175259091425687075e-04
5.750462878495454788e-04
4.198956958134658635e-05
1.688581658527255058e-03
1.672421494731679559e-04
2.657930890563875437e-04
2.626527857501059771e-04
9.007631888380274177e-05
5.420941743068397045e-04
7.701091817580163479e-05
2.564867318142205477e-04
6.907547358423471451e-04
2.429236192256212234e-04
1.010914638754911721e-04
5.592012894339859486e-04
3.237396595068275928e-04
2.806018746923655272e-04
1.865110825747251511e-03
8.644135959912091494e-05
1.502316881669685245e-04
1.768462680047377944e-04
6.726567517034709454e-04
3.421013941988348961e-03
3.969893077737651765e-05
3.389323246665298939e-04
1.228546025231480598e-04
1.551709370687603951e-03
9.587011300027370453e-04
7.659342954866588116e-04
1.214382937178015709e-04
7.140442903619259596e-05
2.149001957150176167e-04
1.003374854917638004e-04
2.038168604485690594e-04
1.830429537221789360e-04
1.658773689996451139e-04
7.232284988276660442e-04
4.538153370958752930e-05
7.311799563467502594e-04
1.569880550960078835e-04
1.908567792270332575e-04
4.944825923303142190e-05
1.743673929013311863e-04
4.230102640576660633e-04
6.524136551888659596e-05
7.152369653340429068e-05
6.856819527456536889e-05
4.498981288634240627e-04
5.493255594046786427e-05
1.954205436049960554e-05
2.116374889737926424e-05
2.206768112955614924e-04
5.764471716247498989e-04
2.310152485733851790e-04
8.635789272375404835e-04
7.915715686976909637e-04
6.869327044114470482e-04
3.423234738875180483e-04
3.552172347554005682e-05
1.023154705762863159e-03
6.873874554003123194e-06
3.034505789401009679e-05
1.718864659778773785e-04
4.158793890383094549e-04
3.355045919306576252e-04
1.386669930070638657e-03
3.559754986781626940e-04
3.614023808040656149e-05
1.007480168482288718e-04
2.795333275571465492e-04
2.062629646388813853e-04
1.317410351475700736e-04
7.659335096832364798e-05
2.067646710202097893e-05
2.090711132041178644e-05
4.238988913130015135e-04
6.835228123236447573e-05
2.113817317876964808e-04
1.200301358039723709e-05
3.906415440724231303e-05
5.301679484546184540e-04
1.178052334580570459e-04
3.429963180678896606e-05
1.615960209164768457e-04
1.241178688360378146e-04
8.813180465949699283e-05
3.383167204447090626e-04
3.564489015843719244e-04
5.329473060555756092e-05
8.508046157658100128e-04
8.307119715027511120e-04
3.557549498509615660e-04
1.002345743472687900e-04
5.101804854348301888e-04
1.598630769876763225e-04
1.531815942144021392e-04
3.419964923523366451e-04
8.984288433566689491e-04
2.556983672548085451e-04
1.594186687725596130e-05
1.951118931174278259e-03
1.035167151712812483e-04
1.511035807197913527e-04
2.860702225007116795e-04
1.167526119388639927e-03
8.584329771110787988e-05
1.951244485098868608e-04
1.210483460454270244e-04
3.507521978463046253e-05
1.537760690553113818e-04
4.816725049749948084e-05
1.137006838689558208e-04
1.401072018779814243e-03
1.042452640831470490e-04
1.074395258910953999e-03
7.120702503016218543e-05
2.863022964447736740e-04
3.540284815244376659e-04
8.532208448741585016e-05
2.819650107994675636e-04
2.901103114709258080e-03
1.425230148015543818e-04
4.738679854199290276e-04
2.468841012159828097e-05
1.028591577778570354e-04
8.872177568264305592e-05
2.308092189196031541e-05
7.964118267409503460e-04
3.055895504076033831e-04
1.695260143605992198e-04
6.256768247112631798e-04
2.138305717380717397e-05
3.252983151469379663e-05
1.620845869183540344e-04
1.113066609832458198e-04
1.369718956993892789e-04
1.647597237024456263e-04
3.893957182299345732e-04
1.089537472580559552e-04
2.106340398313477635e-04
4.576581413857638836e-04
6.230245344340801239e-04
3.898174036294221878e-04
5.374559987103566527e-05
2.341044601052999496e-04
8.408841677010059357e-05
7.200125401141121984e-05
3.222182276658713818e-04
4.182042903266847134e-04
5.016238428652286530e-04
1.242893777089193463e-04
2.013479388551786542e-04
4.368736408650875092e-04
3.976277948822826147e-04
1.091019148589111865e-04
4.211707564536482096e-04
4.510771032073535025e-05
1.144674897659569979e-04
4.918757986160926521e-05
1.223847939400002360e-04
1.845368242356926203e-04
3.710949386004358530e-04
9.669158025644719601e-04
2.771784784272313118e-04
1.480170642025768757e-03
2.126849576598033309e-04
4.823012932320125401e-05
2.789616351947188377e-03
5.436014034785330296e-04
2.683439815882593393e-04
2.386714331805706024e-04
8.258314337581396103e-04
1.397203886881470680e-04
1.051470680977217853e-04
1.552727771922945976e-04
3.299011586932465434e-05
1.482714433223009109e-04
1.415178994648158550e-04
2.013834600802510977e-04
8.101404819171875715e-05
2.571959630586206913e-04
1.988193798752035946e-05
2.525252057239413261e-04
5.026065045967698097e-04
3.487765206955373287e-05
2.470672188792377710e-05
2.069314796244725585e-04
8.145699393935501575e-05
4.665136293624527752e-05
1.827883534133434296e-04
1.008711260510608554e-04
6.105731008574366570e-04
3.535831056069582701e-04
5.703995702788233757e-04
1.381135662086308002e-03
2.819852670654654503e-04
2.512489445507526398e-04
2.802987874019891024e-04
4.044956222060136497e-05
8.735027513466775417e-04
6.326382281258702278e-04
8.016353967832401395e-05
2.278670144733041525e-04
2.932408242486417294e-04
9.482623136136680841e-05
1.088524120859801769e-03
3.803862273343838751e-05
6.847128679510205984e-05
2.026816946454346180e-04
1.151881660916842520e-04
3.046883648494258523e-05
2.244056377094238997e-04
5.963364965282380581e-04
5.388807039707899094e-04
1.014764784486033022e-04
5.501775012817233801e-05
1.282545272260904312e-03
6.973851122893393040e-05
6.376964738592505455e-04
5.631002568406984210e-05
1.637755194678902626e-03
6.850870704511180520e-05
2.067205350613221526e-04
2.703926584217697382e-04
1.814364804886281490e-03
1.679570123087614775e-04
3.588087158277630806e-03
5.285919178277254105e-05
1.017942558974027634e-04
1.094001112505793571e-03
1.169233655673451722e-04
1.698597916401922703e-03
1.761861203704029322e-04
9.127093653660267591e-05
1.179776445496827364e-04
5.908926686970517039e-05
3.923314943676814437e-05
9.285662963520735502e-05
2.907564921770244837e-04
2.637052966747432947e-04
7.121675298549234867e-04
1.096469277399592102e-04
1.725270412862300873e-04
7.232346979435533285e-05
3.865463659167289734e-04
5.248378511168994009e-05
4.473408262128941715e-05
1.320797600783407688e-03
2.074153453577309847e-04
1.084396426449529827e-04
4.163186531513929367e-05
6.584668153664097190e-05
3.438156272750347853e-04
1.023729273583739996e-04
1.420499029336497188e-04
5.566726395045407116e-05
1.098961802199482918e-04
4.299395368434488773e-05
1.469964045099914074e-04
2.476704321452416480e-05
8.234718698076903820e-04
2.091989736072719097e-04
8.049302414292469621e-05
2.506466626073233783e-05
1.251569017767906189e-03
3.925036580767482519e-04
2.780112263280898333e-04
3.717302024597302079e-05
2.410622691968455911e-04
1.100276858778670430e-04
4.591284232446923852e-05
3.761757034226320684e-05
8.116394164972007275e-04
5.721751222154125571e-05
5.459699314087629318e-04
1.307771599385887384e-04
1.073027378879487514e-04
7.122831448214128613e-05
2.930086338892579079e-04
1.930849975906312466e-05
8.187448111129924655e-05
6.733115878887474537e-05
4.413167698658071458e-05
2.188905782531946898e-04
2.830775047186762094e-04
5.944056829321198165e-05
2.739601040957495570e-05
2.940616650448646396e-05
3.024215984623879194e-04
3.353716747369617224e-04
7.647700113011524081e-05
2.567682822700589895e-04
7.944936805870383978e-05
2.447955193929374218e-04
6.957788136787712574e-04
5.913172208238393068e-05
1.022611977532505989e-03
3.435623366385698318e-04
2.204973679909016937e-05
4.383257182780653238e-04
2.913525531766936183e-05
3.828106564469635487e-04
1.337011111900210381e-03
4.303025707486085594e-05
3.426842158660292625e-05
2.063327119685709476e-04
2.966316242236644030e-04
2.171745109080802649e-05
6.838338595116510987e-05
2.587623021099716425e-04
1.521069789305329323e-04
1.605786033906042576e-03
1.974066253751516342e-04
1.350516104139387608e-04
5.055409565102308989e-05
1.202039537020027637e-03
1.356277934974059463e-04
3.907258505932986736e-04
3.312510962132364511e-04
9.692284220363944769e-05
1.534841430839151144e-04
1.279473653994500637e-04
2.421740464342292398e-05
2.557031075411941856e-05
7.390423561446368694e-04
4.962217644788324833e-05
4.558474756777286530e-05
9.141971531789749861e-06
1.500889193266630173e-04
5.605875412584282458e-05
1.653986546443775296e-04
5.154233076609671116e-04
1.217264914885163307e-03
8.572977822041139007e-05
5.899976822547614574e-04
4.009239783044904470e-04
1.606726873433217406e-04
4.175005233264528215e-05
7.288500783033668995e-04
3.811653368757106364e-05
8.641935419291257858e-04
3.840583303826861084e-05
3.440759028308093548e-04
1.311132218688726425e-04
8.375254110433161259e-04
5.215737968683242798e-03
6.983145140111446381e-04
1.694240199867635965e-04
5.208121729083359241e-04
3.297513467259705067e-04
1.252818154171109200e-03
4.058457125211134553e-05
8.949812036007642746e-04
9.497454739175736904e-04
1.147892762674018741e-04
2.377402706770226359e-04
3.795701777562499046e-04
3.428997297305613756e-04
2.498259709682315588e-05
3.596159862354397774e-03
7.371926039922982454e-05
1.844020735006779432e-04
9.488344949204474688e-05
4.087659908691421151e-05
1.802370243240147829e-04
1.619852264411747456e-03
8.416624041274189949e-05
3.547619053279049695e-05
5.666197976097464561e-04
1.420158332621213049e-05
4.420863479026593268e-05
1.875244779512286186e-03
3.788577450904995203e-04
2.245808573206886649e-04
2.203224867116659880e-04
3.003193414770066738e-04
8.450996392639353871e-05
6.834298983449116349e-05
3.278060466982424259e-04
1.190615948871709406e-04
1.591561012901365757e-04
6.846286123618483543e-05
5.005402272217907012e-05
7.513511809520423412e-05
9.327346197096630931e-05
5.056494846940040588e-04
2.613782817206811160e-05
7.747412018943578005e-05
2.631647803355008364e-04
1.851630804594606161e-04
2.137117407983168960e-04
2.305633825017139316e-04
1.276784576475620270e-03
2.710019180085510015e-04
1.835584698710590601e-04
7.039300544420257211e-05
3.181919964845292270e-05
4.051581345265731215e-05
5.233331830822862685e-05
4.817813533009029925e-05
5.742727080360054970e-05
5.916654845350421965e-05
8.178282878361642361e-04
3.612987638916820288e-04
5.906473961658775806e-04
1.278455310966819525e-04
7.791357347741723061e-04
2.233275736216455698e-04
8.161232108250260353e-05
3.348127647768706083e-04
8.205744088627398014e-04
6.265028787311166525e-05
2.306019421666860580e-03
5.874387570656836033e-04
5.211519965087063611e-05
7.433688733726739883e-05
2.793041057884693146e-04
7.338011055253446102e-04
1.921958901220932603e-04
2.241772890556603670e-04
3.003613092005252838e-04
2.272531673952471465e-05
7.831658876966685057e-05
1.047352925525046885e-04
9.074328409042209387e-05
7.070370484143495560e-04
1.383376948069781065e-04
6.934344128239899874e-05
1.712397788651287556e-04
1.285381440538913012e-04
1.497539225965738297e-03
3.470656520221382380e-04
1.316518610110506415e-04
2.451634791214019060e-04
1.812277478165924549e-04
9.890231740428134799e-05
1.807391963666304946e-04
2.755460154730826616e-04
5.217278521740809083e-05
1.065341872163116932e-03
8.948297472670674324e-04
3.023268654942512512e-04
4.403777420520782471e-04
1.202734885737299919e-03
1.198360987473279238e-04
6.002414011163637042e-05
2.547890879213809967e-03
8.192650420824065804e-05
1.717345672659575939e-03
5.007498548366129398e-04
4.227148601785302162e-04
1.040461720549501479e-04
1.336342538706958294e-03
2.599859726615250111e-04
1.821060432121157646e-04
2.311211210326291621e-05
1.417105551809072495e-03
1.819651515688747168e-04
2.370560832787305117e-04
2.020196843659505248e-04
4.535011976258829236e-05
9.938881266862154007e-04
6.583447247976437211e-05
3.719739906955510378e-04
1.168699091067537665e-04
1.331489998847246170e-03
3.249749715905636549e-04
3.038000795640982687e-05
1.263051090063527226e-04
1.031626670737750828e-04
2.567995215940754861e-05
5.737413885071873665e-04
2.767166297417134047e-04
8.082668064162135124e-04
7.150342571549117565e-04
7.092332234606146812e-04
6.861143046990036964e-04
7.511933799833059311e-04
3.088412267970852554e-05
6.838081026216968894e-05
3.906074562110006809e-04
9.024085011333227158e-05
5.461894324980676174e-04
1.863812794908881187e-04
7.753938552923500538e-05
4.366189241409301758e-04
6.293013575486838818e-05
3.993207355961203575e-04
3.776471203309483826e-05
2.046226727543398738e-04
6.817540270276367664e-05
7.077484624460339546e-04
9.362115088151767850e-05
8.174032700480893254e-05
4.625910878530703485e-05
8.433255716226994991e-04
2.715051814448088408e-04
3.235554031562060118e-04
4.598075975081883371e-05
1.677494728937745094e-04
1.078333079931326210e-04
5.804253742098808289e-04
3.321174881421029568e-05
8.444397826679050922e-05
1.281586446566507220e-04
1.589878665981814265e-04
2.073360374197363853e-04
1.788562367437407374e-04
7.174264756031334400e-04
6.856492109363898635e-05
2.852132602129131556e-04
1.513476017862558365e-04
9.934970148606225848e-05
1.095051120501011610e-04
6.069962983019649982e-04
4.721016739495098591e-04
3.891252708854153752e-05
7.513220771215856075e-05
1.940035435836762190e-04
5.280039622448384762e-04
4.123445833101868629e-04
2.825484625645913184e-05
3.081121249124407768e-04
1.371291931718587875e-03
2.097192336805164814e-04
9.042645615409128368e-06
1.452508498914539814e-03
2.004432608373463154e-04
7.811379618942737579e-04
7.607245788676664233e-05
1.457248581573367119e-03
1.285005011595785618e-03
6.392892100848257542e-04
1.738152466714382172e-03
2.828502692864276469e-05
7.521621882915496826e-04
1.776492863427847624e-04
1.224354607984423637e-03
3.070419188588857651e-04
3.738055602298118174e-05
3.458058927208185196e-04
1.001025666482746601e-03
4.305499023757874966e-04
1.250909524969756603e-03
3.005589496751781553e-05
8.275241998489946127e-05
3.729696618393063545e-05
9.178913023788481951e-05
4.191706539131700993e-04
2.229733625426888466e-03
1.720224827295169234e-04
2.999371463374700397e-05
6.049736839486286044e-05
6.161378696560859680e-04
6.038777646608650684e-04
1.352151593891903758e-05
1.506309490650892258e-04
1.288145576836541295e-04
2.895119832828640938e-04
5.978859262540936470e-04
4.321610613260418177e-04
2.536494866944849491e-04
9.371722990181297064e-05
1.055482309311628342e-03
1.493553572800010443e-04
3.615473688114434481e-04
4.139185883104801178e-03
6.796423258492723107e-05
6.417359109036624432e-04
4.018336403532885015e-05
5.500601255334913731e-04
2.359293168410658836e-03
6.324804853647947311e-04
6.417040713131427765e-04
5.915006622672080994e-04
1.446710812160745263e-04
9.529842645861208439e-05
1.231696514878422022e-04
8.249774691648781300e-05
6.014604878146201372e-05
2.642871404532343149e-04
1.594211062183603644e-04
2.645691856741905212e-04
4.516102198977023363e-04
1.687903750280383974e-05
1.337197900284081697e-04
1.071893639164045453e-04
2.609410730656236410e-04
1.532442547613754869e-05
1.752050884533673525e-04
8.960744162322953343e-05
6.839776324341073632e-05
3.150808042846620083e-04
9.558539022691547871e-04
2.810570586007088423e-04
2.804288815241307020e-04
1.526875654235482216e-03
2.868456649594008923e-04
1.764847984304651618e-04
5.053778295405209064e-04
2.268507145345211029e-03
3.040745650650933385e-05
1.379677996737882495e-04
1.771496899891644716e-04
1.368910452583804727e-04
3.629634447861462831e-04
5.366925688576884568e-05
3.227858906029723585e-05
3.352425119373947382e-04
1.017022223095409572e-04
6.136099545983597636e-05
1.283044693991541862e-04
4.187021113466471434e-04
3.354541331646032631e-05
2.474353241268545389e-04
2.211699174949899316e-04
2.594768375274725258e-05
1.352398889139294624e-03
8.246878278441727161e-04
3.799922997131943703e-04
2.028321177931502461e-04
9.155429870588704944e-05
1.000686679617501795e-04
6.216140172909945250e-05
6.907610077178105712e-05
1.157923717983067036e-03
6.171772838570177555e-05
8.309060940518975258e-04
1.187689020298421383e-03
1.274501264560967684e-04
6.462088786065578461e-04
9.310722089139744639e-05
3.444831236265599728e-05
5.816941848024725914e-04
3.956594446208328009e-05
2.686548396013677120e-04
3.842299702228046954e-05
3.480331797618418932e-04
1.213901923620142043e-04
3.025951154995709658e-04
8.668588270666077733e-05
3.474590193945914507e-04
2.169851068174466491e-04
1.095031853765249252e-03
3.929611702915281057e-04
1.696301478659734130e-04
5.661882096319459379e-05
7.744032773189246655e-04
5.066440789960324764e-04
1.497053744969889522e-04
1.132562756538391113e-04
3.386824682820588350e-04
1.215062948176637292e-04
5.346246762201189995e-04
2.209475060226395726e-04
3.867689811158925295e-04
1.638417452340945601e-04
2.338939084438607097e-04
2.347879490116611123e-05
6.680406659143045545e-05
9.731244063004851341e-05
5.379472277127206326e-04
3.472706885077059269e-05
1.718672865536063910e-04
5.867622530786320567e-05
1.715863327262923121e-04
9.962945478036999702e-05
3.478564030956476927e-04
3.004918107762932777e-04
9.416872053407132626e-04
1.201769118779338896e-04
5.565874380408786237e-05
3.088280209340155125e-05
1.973582402570173144e-04
4.194560460746288300e-05
9.097757283598184586e-04
3.729403033503331244e-05
6.852485239505767822e-05
1.834676368162035942e-04
3.046477795578539371e-04
1.418199390172958374e-04
3.908973667421378195e-05
7.745977927697822452e-05
1.125714115914888680e-04
5.658867303282022476e-04
7.034405280137434602e-05
4.156287177465856075e-04
1.911576982820406556e-04
1.111180317820981145e-04
1.533316972199827433e-04
2.344782697036862373e-04
6.667218985967338085e-05
5.902852717554196715e-05
5.176971317268908024e-04
2.713153371587395668e-04
3.450662479735910892e-04
6.848421617178246379e-05
1.547714491607621312e-04
1.964182883966714144e-04
4.106676715309731662e-05
6.999058532528579235e-04
1.217168537550605834e-04
1.894253364298492670e-05
8.678249287186190486e-05
5.992361911921761930e-05
3.555341027094982564e-05
6.194994202814996243e-04
1.608088932698592544e-04
3.564103462849743664e-05
5.489683826453983784e-05
1.428130199201405048e-04
1.215080919791944325e-04
1.794029813027009368e-04
7.195159560069441795e-05
1.461657811887562275e-04
1.438455656170845032e-04
3.864006066578440368e-05
9.333358611911535263e-04
6.740067328792065382e-05
2.650693750183563679e-05
6.390998896677047014e-05
2.525938616599887609e-04
1.787690052879042923e-05
6.709392619086429477e-05
9.088795923162251711e-05
4.725147446151822805e-04
8.887729927664622664e-05
1.044091259245760739e-04
1.197057208628393710e-04
3.943797128158621490e-05
1.175129669718444347e-03
6.863832823000848293e-05
1.053160667652264237e-04
9.751734614837914705e-05
7.843109779059886932e-05
2.665941428858786821e-05
3.696921630762517452e-04
5.557112308451905847e-05
4.074204771313816309e-04
2.256638836115598679e-04
2.658241428434848785e-04
4.958297940902411938e-04
3.853337839245796204e-04
1.935616834089159966e-03
1.643559313379228115e-03
3.419496933929622173e-04
6.345207657432183623e-05
8.353128214366734028e-05
3.786477609537541866e-04
1.247793989023193717e-04
5.823207175126299262e-05
1.295228139497339725e-04
2.190389437600970268e-03
6.431760266423225403e-05
5.874416674487292767e-04
8.584653260186314583e-04
2.378788543865084648e-03
1.497564808232709765e-04
3.983242277172394097e-05
5.377236084314063191e-05
3.155893064104020596e-04
1.295693364227190614e-04
3.922420146409422159e-04
1.588503364473581314e-03
3.921880561392754316e-04
2.764871715044137090e-05
3.535486757755279541e-05
3.545945510268211365e-04
4.192440974293276668e-05
1.538189681014046073e-04
1.203645733767189085e-04
1.360604219371452928e-04
5.622588651021942496e-05
1.042949807015247643e-04
3.227674096706323326e-05
6.256389315240085125e-05
5.365449032979086041e-05
5.451823235489428043e-04
3.936351859010756016e-04
2.589332580100744963e-04
3.375712549313902855e-05
6.006881085340864956e-05
1.409744436386972666e-04
3.202557854820042849e-04
4.914157325401902199e-04
1.525750849395990372e-03
2.488548634573817253e-04
2.220807618869002908e-05
4.499174538068473339e-04
2.465348225086927414e-04
2.241705515189096332e-04
2.838568179868161678e-04
2.415583003312349319e-05
2.239425666630268097e-04
4.973483737558126450e-04
1.059616915881633759e-04
8.103854488581418991e-04
3.920492963516153395e-05
6.853158265585079789e-05
1.502048980910331011e-04
3.987683448940515518e-04
9.402370051247999072e-05
9.288275614380836487e-04
6.948885857127606869e-04
4.103382525499910116e-04
4.676714015658944845e-04
2.277556777698919177e-04
1.367115415632724762e-03
6.150384433567523956e-04
5.619396324618719518e-05
3.462755994405597448e-04
1.372623257339000702e-03
4.967725835740566254e-03
9.090603998629376292e-05
1.880587951745837927e-04
2.897144986491184682e-05
3.039864350284915417e-05
1.231862697750329971e-04
3.188983246218413115e-04
1.772640098351985216e-04
1.321121380897238851e-04
1.236564421560615301e-04
1.182022169814445078e-04
5.310776759870350361e-05
2.838336804416030645e-04
1.463161897845566273e-04
6.046313865226693451e-05
2.703846839722245932e-04
4.921199870295822620e-04
4.292771627660840750e-04
5.648676597047597170e-05
2.736485912464559078e-04
4.057369951624423265e-04
1.113430014811456203e-03
2.913119969889521599e-04
2.279776526847854257e-04
5.371303632273338735e-05
5.466080983751453459e-05
6.845723255537450314e-04
1.311493542743846774e-04
1.000972115434706211e-04
2.356437180424109101e-04
5.547769251279532909e-05
4.597032384481281042e-04
7.407132652588188648e-04
2.078007382806390524e-04
2.605409827083349228e-04
1.006132151815108955e-04
4.688532499130815268e-04
9.940921881934627891e-05
2.937610406661406159e-05
6.493733962997794151e-04
9.073246474144980311e-05
1.040075803757645190e-04
4.765222547575831413e-04
1.362678711302578449e-03
1.032928557833656669e-04
1.881927310023456812e-04
2.230721584055572748e-04
4.165750215179286897e-05
2.006408292800188065e-03
5.313393194228410721e-05
2.816383494064211845e-05
2.843560941983014345e-04
1.284199097426608205e-04
7.411738042719662189e-04
2.790590042422991246e-05
1.540609082439914346e-04
1.762605039402842522e-03
2.646062930580228567e-04
9.165284573100507259e-04
5.248861998552456498e-05
4.152737965341657400e-04
1.127735813497565687e-04
4.682571161538362503e-04
1.263331359950825572e-04
3.502091567497700453e-04
1.130824530264362693e-04
1.008744875434786081e-04
5.874887574464082718e-04
1.713218283839523792e-03
8.050941396504640579e-04
9.627637336961925030e-04
2.166195372410584241e-05
2.690730325412005186e-04
5.379061985877342522e-05
5.152457160875201225e-04
1.101248926715925336e-04
9.760971879586577415e-04
1.162811415269970894e-03
1.906703982967883348e-04
3.291806569905020297e-05
1.440694177290424705e-04
1.613404718227684498e-03
2.547583426348865032e-04
2.572288212832063437e-04
1.361106405965983868e-04
5.305066588334739208e-05
2.146849146811291575e-04
3.929052618332207203e-04
1.082039525499567389e-04
8.761904609855264425e-05
4.344737681094557047e-05
8.823423559078946710e-05
1.378882880089804530e-04
3.775939985644072294e-04
6.879022839711979032e-05
1.466118264943361282e-03
4.317229613661766052e-04
9.555743308737874031e-04
1.116823288612067699e-03
3.043646283913403749e-04
7.108387653715908527e-04
1.965252886293455958e-04
1.924659736687317491e-04
3.440564614720642567e-05
1.755750854499638081e-04
1.395309081999585032e-04
3.310118918307125568e-04
8.829412399791181087e-05
3.562830621376633644e-03
7.941437652334570885e-04
2.106562315020710230e-04
6.181825301609933376e-05
8.047037408687174320e-05
2.875992795452475548e-04
5.525503001990728080e-05
6.265220144996419549e-05
1.203799474751576781e-04
1.192363488371483982e-04
5.561661600950174034e-05
1.022115757223218679e-04
7.111974264262244105e-05
9.829887421801686287e-04
9.186610695905983448e-04
1.388676173519343138e-04
2.051658084383234382e-04
7.562323298770934343e-05
5.541229620575904846e-04
2.254011633340269327e-04
1.339091686531901360e-04
4.768724102177657187e-05
7.160163950175046921e-04
3.674774488899856806e-04
2.830223820637911558e-04
8.137843688018620014e-04
1.412178535247221589e-04
3.190669231116771698e-04
1.306047925027087331e-04
4.470623389352113008e-05
1.712918747216463089e-04
2.885665744543075562e-04
2.484669967088848352e-04
1.110933953896164894e-04
2.670818648766726255e-04
7.987100252648815513e-05
3.570012268028222024e-05
1.344847609288990498e-03
1.179436803795397282e-04
6.357740494422614574e-05
3.037005080841481686e-04
8.483114070259034634e-04
4.350054950919002295e-04
3.641057992354035378e-04
2.131317276507616043e-03
7.275348179973661900e-04
1.135502243414521217e-04
9.183273068629205227e-04
7.207265589386224747e-04
7.950140279717743397e-04
2.158557181246578693e-04
1.981660170713439584e-04
1.444036024622619152e-04
4.706162144429981709e-05
1.014626905089244246e-04
1.378849265165627003e-04
2.018689701799303293e-04
7.689764024689793587e-04
4.185226571280509233e-04
3.766534209717065096e-04
2.532005419197957963e-05
3.787159512285143137e-04
1.228825567523017526e-04
1.711081858957186341e-04
4.119365185033529997e-04
2.486464218236505985e-04
2.603391767479479313e-04
1.193763091578148305e-04
2.045947912847623229e-04
6.802713323850184679e-05
1.105915507650934160e-04
9.267213172279298306e-04
1.354591513518244028e-04
1.533064059913158417e-04
9.229675197275355458e-05
7.599403616040945053e-04
5.728594987886026502e-05
5.037483642809092999e-04
2.392160677118226886e-04
2.732275788730476052e-05
1.749290277075488120e-05
3.512386756483465433e-04
1.291415654122829437e-03
1.537081116111949086e-04
5.839695804752409458e-04
4.266722680767998099e-05
7.905981328804045916e-05
8.239899034379050136e-05
9.836221579462289810e-04
1.493829186074435711e-04
5.359561764635145664e-04
1.107817748561501503e-03
9.129273530561476946e-05
5.832414608448743820e-04
1.657791581237688661e-04
4.109969304408878088e-04
5.671417602570727468e-05
1.997009239858016372e-04
1.715318503556773067e-04
1.765061606420204043e-04
1.192021300084888935e-04
1.471499417675659060e-04
4.307615163270384073e-04
6.076140562072396278e-05
3.603392906370572746e-05
3.385139163583517075e-03
3.792707284446805716e-04
6.842497532488778234e-05
3.193973971065133810e-04
3.253370232414454222e-04
1.213741954416036606e-03
6.728801963618025184e-05
1.062303272192366421e-04
5.146558978594839573e-04
7.967550191096961498e-04
1.314596593147143722e-04
6.209498969838023186e-04
6.380219128914177418e-04
5.602636883850209415e-05
1.429113763151690364e-04
7.220055704237893224e-05
1.837486779550090432e-04
8.749219123274087906e-04
5.491710180649533868e-05
1.011225394904613495e-03
1.131143304519355297e-03
2.495904627721756697e-04
6.832429062342271209e-05
4.123675171285867691e-04
5.613310495391488075e-04
2.766004181466996670e-04
1.047256519086658955e-04
7.230505580082535744e-04
6.535626016557216644e-04
1.249493798241019249e-04
5.262209015199914575e-05
8.755326853133738041e-04
4.172712215222418308e-05
8.347838884219527245e-04
1.005496160360053182e-04
1.590507163200527430e-04
3.863502934109419584e-05
6.846619362477213144e-05
2.862107241526246071e-03
9.315505303675308824e-05
2.249035242130048573e-05
7.926655816845595837e-04
2.250714314868673682e-04
2.387661661487072706e-04
7.187536684796214104e-04
5.629294901154935360e-04
9.865988977253437042e-04
4.047072725370526314e-04
8.432853064732626081e-05
6.640206265728920698e-05
4.489495477173477411e-04
1.339451060630381107e-03
7.564576662844046950e-05
2.442450495436787605e-04
1.467641704948619008e-04
5.216420977376401424e-04
2.850878809113055468e-04
1.269793137907981873e-03
5.789095303043723106e-05
1.846275699790567160e-04
4.026474562124349177e-05
4.501527291722595692e-05
8.244410855695605278e-05
1.891056774184107780e-03
2.184789045713841915e-04
5.390531805460341275e-05
1.291288208449259400e-04
1.008278413792140782e-04
8.234596316469833255e-05
9.861265425570309162e-05
1.288602070417255163e-04
1.965194496733602136e-05
5.545910098589956760e-04
1.087570330128073692e-03
9.501673775957897305e-05
3.185727473464794457e-05
2.189591759815812111e-04
7.576207863166928291e-04
1.551632885821163654e-03
